G250:
Solution Size: 15
Solution Status: Good Solution
Solution: 7 8 15 29 31 34 65 67 97 130 153 162 168 226 233 

G1000:
Solution Size: 14
Solution Status: Good Solution
Solution: 24 25 26 48 182 205 475 548 685 716 779 837 882 890 

G3000:
Solution Size: 79
Solution Status: Good Solution
Solution: 1673 1675 1677 1679 1681 1683 1685 1687 1689 1691 1693 1695 1697 1699 1701 1703 1705 1707 1709 1711 1713 1715 1717 1719 1721 1723 1725 1727 1729 1731 1733 1735 1737 1739 1741 1743 1745 1747 1749 1751 1753 1755 1757 1759 1761 1763 1765 1767 1769 1771 1773 1775 1777 1779 1781 1783 1785 1787 1789 1791 1793 1795 1797 1799 1801 1803 1805 1807 1809 1811 1813 1815 1817 1819 1821 1823 1825 1827 1829 

G6000:
Solution Size: 93
Solution Status: Good Solution
Solution: 262 284 306 328 350 372 667 689 711 733 755 777 799 1094 1116 1138 1160 1182 1204 1226 1521 1543 1565 1587 1609 1631 1653 1948 1970 1992 2014 2036 2058 2080 2375 2397 2419 2441 2463 2485 2507 2824 2846 2868 2890 2912 2934 3251 3273 3295 3317 3339 3361 3678 3700 3722 3744 3766 3788 4105 4127 4149 4171 4193 4215 4532 4554 4576 4598 4620 4642 4664 4959 4981 5003 5025 5047 5069 5091 5386 5408 5430 5452 5474 5496 5518 5813 5835 5857 5879 5901 5923 5945 

G16000:
Solution Size: 189
Solution Status: Good Solution
Solution: 1643 1644 1645 1646 1647 1648 1649 1650 1651 1652 1653 1654 1655 1656 1657 1658 1659 1660 1661 1662 1663 1664 1665 1666 1667 1668 1669 3929 3930 3931 3932 3933 3934 3935 3936 3937 3938 3939 3940 3941 3942 3943 3944 3945 3946 3947 3948 3949 3950 3951 3952 3953 3954 3955 6214 6215 6216 6217 6218 6219 6220 6221 6222 6223 6224 6225 6226 6227 6228 6229 6230 6231 6232 6233 6234 6235 6236 6237 6238 6239 6240 8500 8501 8502 8503 8504 8505 8506 8507 8508 8509 8510 8511 8512 8513 8514 8515 8516 8517 8518 8519 8520 8521 8522 8523 8524 8525 8526 10786 10787 10788 10789 10790 10791 10792 10793 10794 10795 10796 10797 10798 10799 10800 10801 10802 10803 10804 10805 10806 10807 10808 10809 10810 10811 10812 13071 13072 13073 13074 13075 13076 13077 13078 13079 13080 13081 13082 13083 13084 13085 13086 13087 13088 13089 13090 13091 13092 13093 13094 13095 13096 13097 15357 15358 15359 15360 15361 15362 15363 15364 15365 15366 15367 15368 15369 15370 15371 15372 15373 15374 15375 15376 15377 15378 15379 15380 15381 15382 15383 